1 2
1 3
1 4
1 5
1 6
2 6
2 7
2 8
2 9
3 4
3 9
3 10
3 11
4 5
4 12
4 13
4 17
4 19
5 6
5 19
5 20
5 22
6 7
6 22
7 23
7 30
8 9
8 30
8 31
8 53
9 52
9 53
10 11
10 50
10 51
10 52
11 12
11 50
12 13
12 55
13 14
13 54
13 55
14 15
14 54
15 16
15 17
16 17
16 18
18 19
19 20
20 21
20 22
21 22
21 23
21 24
22 23
23 24
23 25
23 30
24 25
24 26
25 26
25 28
25 29
26 27
26 28
27 28
28 29
29 30
29 32
29 33
29 34
30 31
30 32
31 32
31 37
31 53
32 33
32 35
32 37
33 34
33 35
35 36
35 37
36 37
37 38
37 53
38 39
38 41
38 53
39 40
39 41
40 41
40 42
40 43
41 42
41 51
41 52
41 53
42 43
42 44
42 46
42 51
43 44
44 45
44 46
45 46
45 47
46 47
46 50
46 51
47 48
47 50
48 49
48 50
49 50
49 55
50 51
51 52
52 53
54 55
